-3.675140888082725765e-02
-3.675140888082499557e-02
-3.675140888036951270e-02
-3.675140887393218980e-02
-3.675140797864097364e-02
-3.675139987479662806e-02
-3.675140888082725071e-02
-3.675140888082235879e-02
-3.675140887877575979e-02
-3.675140798259868280e-02
-3.675139987479662806e-02
-3.674961259073821623e-02
-3.675140888082726459e-02
-3.675140888082725071e-02
-3.675140888082235879e-02
-3.675140887877575979e-02
-3.674961259073821623e-02
-3.674135974954534367e-02
-3.675140888082726459e-02
-5.122176803641632914e-02
-5.122883844559932703e-02
-5.122883844515677826e-02
-5.121171890513441516e-02
-3.312200235835208173e-02
