-3.553587729702005760e-01
-3.553587726682907455e-01
-3.553587657348541429e-01
-3.553586998452377688e-01
-3.553576185667092213e-01
-3.553498516696114162e-01
-3.553587729667782025e-01
-3.553587723895465511e-01
-3.553587478469770744e-01
-3.553576553022175233e-01
-3.553498516696114162e-01
-3.551652520581679018e-01
-3.553587729810143148e-01
-3.553587729667782580e-01
-3.553587723895464956e-01
-3.553587478469770189e-01
-3.551652520581679018e-01
-3.543845811876006335e-01
-3.553587729813137974e-01
-4.954996157994051575e-01
-4.961655972295485606e-01
-4.961655914932418532e-01
-4.945254240056180528e-01
-3.191828750924188829e-01
