-5.500608915953432820e+00
-5.020600657446709469e+00
-4.517164524364696732e+00
-3.982025286434156541e+00
-3.405413621486072184e+00
-2.791732340720823657e+00
-5.499512542720503383e+00
-4.887773429679253212e+00
-4.184961454131231662e+00
-3.488260594389380742e+00
-2.791732340720823657e+00
-1.998062080256607365e+00
-6.019971220309400017e+00
-5.499512542720503383e+00
-4.751337057684029475e+00
-3.331732340720823693e+00
-1.998062080256607365e+00
-1.156069364161849800e+00
-6.398862499493860767e+00
-1.054860383227816811e+01
-9.894002477050467093e+00
-8.751337057684029475e+00
-5.156069364161849577e+00
0.000000000000000000e+00
